7555
41529
50238
18646
69250
95737
54789
75152
9625
67330
74898
36366
24279
80240
59118
21201
43111
56069
57312
50714
98137
1003
36899
7318
93561
79738
53447
53589
63588
87266
47639
96901
90636
59563
56909
54360
45700
46202
34685
69820
95938
23160
10348
31227
1586
3644
41308
91826
35238
23969
52251
13690
98765
57671
72153
27606
1944
72437
41477
24599
9568
1371
43745
53332
38054
53798
93746
77232
97573
42133
69078
88875
22585
27226
15951
36998
21561
11833
20085
49616
91884
78809
67312
43868
78916
13855
15375
16342
63239
75228
42007
58113
67661
8319
86625
93491
34768
73367
36069
53289
61489
50006
55277
87046
68784
80858
75123
67758
77701
76427
47745
82697
55699
16520
82601
34829
2264
3124
62289
73667
26276
52199
70805
83694
1279
41887
18320
66478
90820
37297
5765
78688
74244
10735
10403
20383
42886
2665
72500
11577
39198
9325
69385
35409
60932
76224
93657
74504
18942
59298
93137
67462
43531
27565
11490
50713
1776
92857
42425
45273
48607
25569
85837
58438
38114
6281
57284
29620
89024
14264
95340
66145
59821
33125
69486
3250
18937
42083
28060
2135
21417
13900
40786
36982
79344
58111
84195
27694
92671
77568
51730
79743
33024
15476
2849
29581
67868
91218
78019
85661
18561
25339
87057
84612
48795
63346
4391
95607
52596
10444
6426
23956
39004
16992
30057
53417
587
16971
32174
71082
81040
9889
73723
57257
58014
98001
55728
77893
99282
35071
36719
93969
94428
7573
25812
79918
19697
20943
6842
11488
33945
44117
16392
2405
15083
98447
2889
57819
93048
29111
80709
70822
49947
75149
21814
43329
24058
53709
83389
6809
16459
32414
22624
10712
95234
71042
70091
72201
28373
12442
87022
57399
45745
64275
16279
46568
46860
61070
69698
45809
48867
70758
52413
81313
1020
27104
36128
90549
41508
75415
64775
88547
3980
8337
97255
79027
63091
54729
18549
86888
57603
65260
89061
96848
48703
32104
25187
78383
72683
3199
12358
64229
49693
89532
30151
98077
89560
84723
47925
38904
27426
9895
80997
90284
17503
16027
62510
75135
46587
41950
62257
15430
72768
62338
92226
23503
13761
43650
4837
97374
45625
14179
98485
21000
8368
40770
78559
29960
15106
83051
42889
90370
98852
43944
8968
85943
2340
62260
60388
43617
67371
15770
18512
73888
11489
12913
969
93825
46750
96743
1353
39076
41718
81885
76265
73604
34612
58623
84089
66251
88935
24563
40703
50022
9457
60410
96389
71896
84919
50807
96192
18638
81372
63738
26905
27041
96655
47689
31983
32634
67521
28658
66283
57859
65729
2454
21164
32351
22371
36701
44437
41862
49032
61272
68230
25189
14610
90209
54121
56423
53958
26521
70371
54606
73860
64866
90706
82867
19510
22058
44369
58041
32150
40342
37717
97317
28240
17879
16764
70935
37342
26903
95392
57043
10890
93001
27026
53930
14373
94764
77857
63125
58646
29057
15110
13307
89163
25000
60082
15391
84237
19799
2902
62494
16720
56926
4921
94312
72528
39427
50114
91242
85585
32866
1498
36618
72329
4630
66565
35764
36271
14659
78787
55212
27946
3410
17222
49057
50188
40150
25533
36756
95033
87392
61714
29377
10615
69432
39655
38364
50240
60870
97379
41546
20634
66664
62572
65066
23624
24046
2973
86172
88073
86379
27559
49271
42325
56336
57105
67617
64046
87831
74439
36597
61110
85481
64063
45060
75720
57911
42484
57939
58171
51713
54662
1817
35832
63489
46524
44452
61010
12433
5910
74124
84977
12710
94800
90579
33636
67835
97660
39339
38972
78096
16139
53542
91524
45580
80293
534
61151
27333
48951
54027
48558
62084
54438
12886
29933
42079
74672
80833
1896
15809
80834
7603
52526
27514
49282
28719
32203
35054
71029
497
86219
58826
90093
95164
94687
91089
56435
26929
6664
91239
50575
57059
47795
72739
64696
39371
67231
42284
30339
944
50951
5285
50039
71539
62851
4226
43394
60356
41203
81953
47755
58206
80194
54597
28311
54478
88852
28191
73720
41913
46820
29054
83869
25493
60828
70833
20419
65160
73566
31613
51250
43398
71984
56420
96809
56091
61647
85989
12874
50783
43502
44807
45814
93779
67366
37867
1247
53669
91647
74748
24639
65465
84526
81362
22528
69875
4529
9793
4938
17250
14076
80883
61200
16370
6764
54896
14713
13534
55369
79689
88780
69138
79367
91584
5144
81013
59826
76762
667
35967
68024
97273
99807
25652
16796
58980
81950
16115
96881
61117
87689
97761
5082
69607
30197
92399
14675
5517
27784
65340
76642
19798
98597
28155
67395
99760
72918
35821
52427
18622
83182
17315
88474
84821
69482
96958
90479
82200
51921
45934
21110
1382
54629
81635
17472
85974
10979
45985
14854
81799
31135
87790
61493
23553
39619
57862
21898
52303
57405
33655
36180
83322
22025
36688
84464
51117
43647
19939
88499
83775
9466
65617
56577
64359
98981
96919
46581
52430
9295
29772
7424
77557
57242
40314
70926
39832
90796
98018
68606
51438
52680
23842
38256
91222
21828
14437
9519
91968
6131
12820
56511
90826
30560
10212
69601
85521
41522
95982
79542
83059
39434
14989
19604
92625
26388
39466
64936
36918
63435
64038
23313
16036
87088
95302
47338
18008
24216
43616
88546
93566
32846
63452
1446
17904
12350
5354
22656
63633
20647
54604
28301
87730
74214
55921
13508
35453
53312
71600
97042
44798
84864
61053
20405
4832
30082
16502
78734
73840
79217
18012
49238
73145
4093
6933
3596
48315
41865
99355
22012
40125
17193
59134
43707
61858
2003
32462
80994
87593
78425
61094
17771
74032
83684
17782
74146
71652
40462
86794
90771
20248
98801
14175
37393
621
39541
18412
48594
65662
65714
75510
12310
72554
29716
88805
86730
49662
99425
72818
72720
48750
61908
63049
75288
28818
44285
82839
9682
44158
1758
55780
67906
49734
3002
66304
49111
57696
82064
1761
91163
39750
115
67720
60876
41992
13826
93872
59804
24202
29260
9829
44883
65357
54668
9050
7483
22976
80032
64313
60969
67920
43019
32954
54829
58318
14180
33565
28036
50864
71565
55533
41060
40095
7077
53674
44706
77630
99952
80739
1099
68508
89010
49073
98615
55120
51314
35252
71616
74819
25844
53627
98736
72644
74031
10645
20219
34280
62010
11031
38336
19582
1221
29215
82295
64108
92577
46527
36890
86721
47182
67448
40565
45641
52264
54955
91278
46056
29532
89503
57297
85087
17274
24462
53125
95749
49596
66808
22267
39149
34248
13364
5683
26787
65888
48225
88870
68481
57597
61295
74250
79045
251
46660
44258
47760
39061
68321
27769
50991
60371
50259
21104
64675
45351
51393
75148
65719
34314
9810
93169
50027
51602
28788
8477
74990
92061
30048
5758
53169
75229
90773
83390
7702
4394
25231
56317
3060
72343
37204
64498
32591
7229
94092
43506
75544
85939
55754
17618
99468
82032
52220
43886
88503
93863
61079
15456
45550
75968
42233
56797
10316
42253
34296
39597
36864
36333
46788
46706
25032
91604
13889
47223
7599
15754
19254
89627
65731
18042
1537
86101
98275
63760
28676
38726
45081
46049
41224
93827
1985
27732
93747
15232
47266
81918
1968
22205
72897
372
95370
27962
38832
17692
13160
58656
3107
39769
89565
76733
97729
48296
9723
44209
80969
64653
16357
75620
38887
65249
20957
5096
4652
88673
93909
39934
29837
6817
25912
95007
46884
14467
98035
36380
67154
57451
97753
18517
61237
57605
64408
183
82029
80535
28107
43281
2238
77512
31823
17883
15136
64084
76759
38720
78543
27644
78505
67277
10282
6244
19177
32667
82338
31538
84748
12071
32817
89311
63597
71894
97868
50588
65960
56918
89772
90088
81282
10824
41998
42456
97577
58870
62196
29874
67754
32869
98540
59413
20477
58151
24437
69255
7796
20503
35492
5625
54605
46511
28785
78680
63773
29203
23030
14875
24076
24475
56498
89750
76415
79082
58335
59043
8809
73743
69906
74786
32152
86297
11643
55681
11500
8104
31738
38827
24234
60312
74082
36056
3604
98061
22818
87423
15450
4325
72330
38244
30216
48861
37110
71871
16259
6893
69941
6634
86975
68619
66598
78020
45394
71339
78988
61384
92650
3781
51302
17892
34775
25527
87317
51927
53747
99399
94057
15411
91028
91531
14767
30576
59199
96076
47165
78109
14677
67898
63808
21726
49821
63821
10989
80038
18877
19907
23542
30078
82785
58707
66500
46459
36483
48988
51553
71073
77642
78929
98496
37404
42907
12139
15317
43318
60450
65651
23868
75736
61704
28186
92344
76685
94124
78936
82173
39734
16378
87676
64563
42822
86195
32475
83016
46275
20119
15705
9386
86461
2413
95966
6065
58149
36453
69208
21993
98005
47734
1141
76268
78325
40091
94322
53987
21353
95241
54045
7647
45893
21670
78619
86417
41835
59088
99275
48507
6610
54481
56613
97610
83275
8351
71857
12975
22101
39892
33749
71443
75506
20978
26605
48640
42972
51708
11981
48422
93874
98047
58412
70900
41949
16834
92994
23589
49361
73721
55694
84453
21090
89463
94751
98488
90222
75486
56655
34348
36796
5724
41839
83080
38253
38222
24555
86871
44539
94079
61064
33094
78170
68939
60101
75125
8953
82257
27734
61656
68544
70156
75503
64942
66702
9249
64571
8645
41162
42576
68658
36140
86480
5300
82390
41857
79795
22381
34765
84364
55577
93160
6394
85166
41186
6079
43046
39084
34338
21049
86209
12232
7320
6381
58657
35822
30836
39180
47891
30258
61362
23017
65883
77521
50297
54247
28673
44696
97211
5178
5916
67821
78417
29650
79910
53788
63391
48448
97485
34631
32136
46967
53888
52927
74249
84664
72065
84782
73334
26039
54980
7178
3451
6543
44713
5400
80752
96416
63958
83624
6054
84065
57247
48217
77253
39317
2305
94912
41479
15267
7998
30166
54548
25333
88047
90876
36143
91019
70261
11773
90974
5541
63385
57559
40891
34777
67269
72077
7156
61525
82078
74105
93674
78105
2023
48073
9016
82120
21433
44420
6895
70512
73619
25609
91393
59346
97426
22755
60732
71955
24337
38505
32762
5981
18124
68364
50693
37324
98911
40702
28173
24860
13842
2871
73456
69578
14513
44136
24097
91492
35966
2783
44789
91748
54227
66411
40698
16498
16168
81940
47719
61408
73760
62989
72302
85787
79945
99996
22726
45098
92492
52357
68621
88990
89295
17975
84081
74960
74113
60502
53112
8145
8793
50995
97092
4506
40486
35031
19926
16531
60073
5258
94146
15973
58839
49023
32945
69807
18527
90889
91857
46712
25479
15307
79547
29986
59865
53722
6860
19424
68377
58327
20135
44505
3049
66943
29452
43643
60777
4838
33666
23049
99322
36139
82606
38198
30917
61788
12896
81579
91504
36514
17824
50489
27099
28189
71416
87773
57457
50984
19622
34879
36242
21310
13139
87154
71028
80233
65461
84136
50712
86196
88650
30678
15672
6343
33920
62108
69836
3541
27519
50883
46585
91385
79052
52841
23609
24917
88463
79566
89211
74820
63005
23597
91963
42140
99687
54633
95725
88507
15644
82610
83738
60675
76169
89125
26164
7580
12010
64576
91032
90807
21361
24335
31379
90607
56025
22406
16480
80118
82492
26097
62980
80124
58050
69020
97606
60614
62648
32989
68006
41910
32867
51933
13483
95143
90896
38518
70030
81774
93233
92200
45824
67166
52247
27593
93078
90844
27124
97768
54942
92670
67104
3234
20116
88602
22857
51162
44087
67541
6665
21195
34154
48165
72965
56556
14999
91912
91680
30979
58371
40257
97019
5408
84851
29424
99587
15321
79525
91836
81818
33473
22649
10678
20932
13692
1102
88041
31762
17570
90083
59854
12484
33514
83298
81301
50476
21087
80453
71021
57840
38248
39128
31093
39912
96737
91578
64682
95951
11576
83640
90053
84037
29453
33770
1864
35236
96084
19285
3228
80687
53068
98991
34068
94499
59216
15648
60201
82635
12192
38969
79977
11799
56999
72082
72724
65321
87860
17067
30204
82317
53601
97085
500
43170
94691
14798
82361
82242
30974
38491
15184
51256
89482
14436
23998
88376
37135
38619
43629
58986
60509
52315
12884
88428
88999
73527
66382
2366
20990
13402
32501
42037
67084
25712
36026
37828
92446
69831
87694
66038
30574
25769
76798
81851
10060
85086
45283
99622
270
35177
3970
22525
55752
40779
96785
25321
37755
79177
52088
82262
76552
66821
62204
7607
54555
76448
27103
98530
85528
66012
88214
64018
19932
97581
46237
1358
72202
59562
72656
8259
84050
50446
92004
76828
20403
47351
8203
13875
47142
72838
12608
24801
41381
24472
68193
21141
36393
64314
98538
41767
85924
50009
67713
84946
25798
40179
42956
25077
40750
50924
79869
87360
51544
99514
66978
64550
86704
35240
51978
5791
95379
97100
45094
22208
80626
67856
17345
1712
79729
30794
13207
91193
68199
58170
28668
90415
38510
84331
93444
70641
35652
78918
94461
7176
79290
2163
91486
79771
14630
39077
97919
91636
8599
26405
6022
23749
62719
49951
8810
65345
1022
59428
77019
59187
92436
33212
95000
3701
16070
78176
71850
24130
56858
12918
8394
86986
44076
64629
44218
20347
66428
12786
59139
6279
87153
64847
18861
39660
88802
51861
45546
6631
80841
14287
87137
94661
72269
52812
71676
2345
7121
70182
40897
60270
99607
49036
7684
48761
87220
74289
63803
95529
37530
62810
74479
13763
96755
6120
48120
53743
98526
9902
91561
77684
59078
54802
11949
18139
29937
93378
46728
87157
81912
88775
51989
90280
48346
15015
25845
60145
85973
94480
25538
17479
65333
63068
28762
51270
87702
7774
90893
15335
69023
81100
50792
39740
14172
184
63818
97110
93677
33601
73285
60134
39986
8496
57049
97490
954
34178
3905
49828
31087
70084
16983
95200
76019
44748
58701
28973
51777
24530
45204
99565
32063
59229
89092
68026
91040
19420
3831
25021
88977
91141
68920
89487
55043
20460
47637
3446
60497
93047
81098
77875
47370
33443
89212
41870
98209
93323
65941
54065
45915
4053
42891
88119
63845
36511
41571
40252
21947
20078
89756
15890
23975
85477
46791
66007
53594
65279
86999
52435
44496
82115
85345
84646
76058
57924
20395
81393
2814
97086
73786
7496
78477
99473
23190
31940
56096
25638
50723
25602
94602
68898
55422
3009
19572
62735
60893
23573
53116
50677
22863
54032
32436
20106
76329
7562
67978
47599
48175
74341
3285
15251
34755
39828
98098
66016
81136
68488
48238
65560
93299
83222
99874
47801
11289
17679
70762
97488
18862
48188
4610
22941
33381
546
69168
94232
79062
36431
55782
85588
37632
62890
85003
91728
46893
68342
54168
46087
44232
27392
32955
65792
55388
54306
26576
43448
81595
63577
9718
34516
8654
81201
94392
10294
62725
47393
38186
70930
61645
57574
9667
26433
92776
39070
32273
36814
91795
69259
58339
50660
48555
16482
79929
22556
17544
75349
73881
34204
5351
40930
37351
30952
30911
20062
86233
80766
20800
97559
45041
18126
40958
78872
42612
67822
77109
32389
99141
50519
42851
40611
77938
49986
61442
79880
41936
86937
67630
92469
26921
55789
80631
15505
56311
93387
58474
17564
53768
81401
17003
39981
15714
26042
5940
77004
28288
36720
13768
90819
36480
44133
35150
39025
96104
92664
55403
14479
85912
62277
7991
1417
9589
65796
91105
26490
20883
49501
77556
56967
67519
75835
82524
61570
2123
41925
6241
30793
1770
89384
36737
35977
3418
36967
63753
72571
63905
61402
74538
89881
18211
84025
49384
70201
12452
81148
25036
27675
13278
57036
63424
18812
90283
87197
72717
52128
73781
7051
49555
61143
4035
90110
19867
29288
27187
82250
19549
66562
60391
43845
74916
6703
18670
68405
87529
63796
68379
81804
12676
74882
77485
5828
51414
15077
94233
17168
88102
578
66285
53268
6106
3132
95285
89752
67370
2897
2734
72040
56196
87285
99892
81898
95730
67364
38372
82975
46814
44236
26912
41197
21412
45957
32581
258
3531
13214
33802
82224
33571
10512
93391
69921
21371
87590
10148
42125
90048
71702
14071
52972
69923
1724
60627
13147
69422
18501
96438
42144
45365
94877
73276
16637
43978
73025
40918
60928
3229
45490
61321
20205
9860
49045
89440
98875
37821
90488
81551
61997
17212
58425
64596
5194
32268
56018
63846
37788
44946
93926
81749
29664
6535
81300
87096
71843
23577
17655
53046
26709
96747
24280
91249
96159
82956
40760
96545
41804
76365
30022
58574
33537
23258
99230
40544
59452
80727
13800
43231
28001
25505
36206
62175
42789
96261
78765
97608
28339
43655
63179
1531
9321
14833
76936
71610
68893
75572
33598
20565
88670
27148
33274
137
37595
4556
31080
40062
68858
24403
99470
61560
59024
98464
41796
59032
57863
46132
14620
48441
35161
13557
36862
79707
82101
3191
4062
12568
52438
5033
90967
19847
88425
52224
42074
68680
9076
66912
87480
39593
86296
47938
55897
91490
11223
52116
15071
41578
19649
31285
73933
30050
3698
62293
44738
38082
18750
32295
11756
24675
96801
67891
95079
41673
32186
46065
35953
20987
94860
26531
2026
25434
64435
22876
7644
70009
86879
50307
78554
34115
94300
48065
66668
92285
226
46310
96606
89625
44201
40836
40845
89097
74675
46986
62537
75468
98522
23753
3800
94156
7961
93693
29917
16859
16585
47305
45728
95999
27996
80260
66162
88302
95531
26415
21448
11996
51586
35503
57743
96412
25054
1002
20663
800
62987
38567
8204
96287
9359
62477
65604
2932
29020
73700
2414
96323
35791
13305
8001
52806
61419
15137
38307
19212
23184
40331
87348
89820
16408
86954
1656
90089
44199
59605
24144
32068
80123
25567
73904
78968
38632
90269
45112
92450
49420
47095
60330
48542
56369
32520
78198
72923
43120
82271
64762
17396
9910
55213
99731
55785
98048
57540
45951
87010
1351
10354
22515
31524
29538
75676
30914
31207
39110
79674
14714
63608
27208
97465
46746
22512
49205
52696
78365
68801
4366
50557
93141
18810
36933
55082
53469
34922
94303
41317
29990
28767
26407
94607
18117
23214
54930
59852
56302
33871
90346
41330
75241
64856
67195
50636
83175
67358
7756
4991
96336
19892
16153
39646
63925
63859
97279
75859
90420
4041
5003
23328
53134
16875
28459
72692
15602
72420
44751
16022
61139
596
86996
90880
84789
74112
43572
26575
43523
43791
31335
13471
29396
21185
48679
35895
6605
17199
90297
83013
42122
64118
45354
99059
53593
28948
98102
94875
72762
36323
9479
35630
2939
33069
90935
72104
27191
77530
83449
83651
63621
92616
93116
95873
63831
2887
47567
24081
46430
29908
93691
34981
36684
70137
14021
74697
53115
49838
41131
29690
30430
14482
41335
90715
10424
28398
17200
64272
6781
99018
94983
88815
7461
76516
77050
25677
74343
9766
10480
78867
7981
95552
51100
50077
24650
20056
97563
11431
94735
96638
61048
88873
69812
22224
78010
33056
10759
668
2546
60549
54928
69406
81972
62251
3163
26998
8456
22258
21065
10641
85615
94785
35710
79176
58479
20727
84031
53758
87184
48672
32840
28478
35868
6456
55798
37874
93349
90847
62891
60148
28084
7412
73072
15386
14146
74522
87708
54037
72944
68485
79209
32786
27641
45688
82386
53586
26566
63589
96978
27711
79234
65136
64444
15149
28714
99264
8314
41769
23928
90025
24665
92572
50437
76889
22721
97288
29975
62272
61036
71659
22203
69718
61131
74063
66438
49210
67580
90814
25338
18336
20269
75273
57311
902
36826
56303
42682
76276
79904
91665
24550
90572
1976
3669
98034
73335
23435
52631
2138
74835
34337
43939
57273
15895
76209
85582
42560
63114
95383
36173
14632
86747
37685
36834
99188
57176
52223
23080
3608
68272
7339
20993
39852
83756
75240
77005
77559
10776
43006
67993
89554
90084
48912
31839
53875
66368
91145
83876
42036
96684
99114
48085
48776
68895
33485
74085
51113
49096
97006
34709
40373
69090
18800
14108
51447
27854
14354
75448
59921
61700
8195
26786
43203
70794
54088
92020
45990
89535
20703
25177
26815
76129
3335
3792
6752
57168
80062
27852
64876
94154
16631
22197
92422
4831
35999
11831
41415
28292
7669
53001
64248
32358
16437
58697
91340
71837
51103
44870
71986
70841
89529
92681
57681
21154
51935
10374
3398
90720
40823
87131
88398
76693
74908
12885
27062
18714
11964
25401
65588
93110
57617
62220
50464
74203
34873
31046
9882
12585
84018
1425
29448
14777
21843
57214
82890
32219
20817
6153
72431
41602
33576
57361
22081
31191
52877
42902
24209
13186
74971
96916
58842
81254
70946
95600
20493
77034
21160
55198
48127
11562
86143
69683
32148
95832
21406
62262
78718
70580
93867
23546
67485
92250
7093
3475
99331
52676
86939
69220
34909
86896
74396
69386
46837
32096
23877
88178
70385
21738
84367
71700
85154
55879
48260
65715
99344
26875
83004
63000
53063
57595
37075
51698
5230
53761
66207
10864
82889
33074
65055
46766
13864
71322
7409
26390
50041
13148
16941
21585
30137
10585
66772
4723
3582
80898
4935
59525
11305
33210
14577
89572
86582
25111
1456
80925
53311
45519
56085
80916
16221
41427
101
88138
86023
5852
72219
87911
40512
47329
82851
43564
23442
65276
38429
23766
25655
88498
56532
92230
3681
54514
32077
26199
77216
1000
37401
37853
46643
1014
39419
46738
91124
80128
41345
24024
37514
78761
89787
78312
45480
11764
59054
18606
84076
50287
77751
46636
61341
56632
5958
52946
14773
9056
85548
29619
16696
47735
62218
86647
28646
47554
80615
99304
86420
508
48911
2584
74355
49399
38430
63856
76414
95119
99400
16083
47537
53275
9315
61291
19984
80848
64350
68996
84351
35227
28340
30862
85950
71039
82182
65834
24724
7873
65495
15146
92104
33575
51765
28604
95757
6431
60077
20297
53873
93185
21180
96165
39548
1025
88369
81541
48269
55244
9878
73417
68695
13095
83689
3960
2265
63335
65707
92056
9799
22350
1888
9754
98124
89608
50745
88587
43025
72237
47263
35637
57761
17284
76331
92340
15173
92077
55575
6121
74358
6600
62241
14346
95118
80120
52508
91717
23582
81215
2006
64723
98984
83562
62834
12058
8091
36656
84324
30468
17231
93676
27420
34698
32286
90976
87615
69278
38884
59121
56118
96317
85346
85159
70863
25654
92140
22444
33477
30528
39121
11212
69353
27036
8582
71225
94988
53353
6139
60585
87337
82486
50393
82996
62843
29179
4192
35818
96163
33941
67682
41868
39830
70027
96201
38565
40167
57217
3117
96565
24231
82497
33288
34553
5127
10924
2169
89228
69123
33385
45992
90510
38227
85619
89298
84014
23481
6725
54230
84735
56660
88557
98744
43062
85054
87132
69506
73274
22075
60753
7220
57250
3652
67150
25120
36138
74556
35670
37780
15533
9633
40398
4316
34103
52855
13869
19203
59607
57957
53000
13976
16625
50035
75881
44771
35134
87662
78798
62403
3476
75979
86602
14263
48616
16123
99121
11306
22689
2355
88571
73462
83940
50838
58629
92865
79371
63794
57203
58156
48730
94805
23900
66080
38754
52839
71448
22206
32567
30610
80865
669
69902
22492
97837
99601
56301
12892
52162
83638
98268
85951
53346
90941
17108
88566
1590
50302
24789
65169
91224
52393
26603
43156
79785
2347
77540
22553
27767
34607
25428
23717
17805
89825
81106
5222
27034
62328
26031
65483
52489
61300
24224
68198
83111
1692
85465
63696
76480
69326
384
16227
19888
81756
96869
83021
65675
93731
81628
83666
47578
14323
25122
62825
87796
13302
41252
4514
27353
24752
85012
82028
30296
54458
13250
12412
37410
45323
72788
44984
93697
51197
74429
23691
44853
13367
33201
26122
30474
47859
74354
29366
57440
39280
12619
13205
49248
21545
15103
51494
3892
50248
81730
68510
69920
56874
58185
87633
4727
75573
70299
86226
8052
60658
19607
23349
88496
81589
12541
95734
52937
96740
16255
82633
60299
37553
76443
88667
49967
55610
90900
83145
7303
43771
98580
53901
19519
37346
33012
99443
32662
5814
47957
36647
12889
82689
84764
49322
13956
5503
53570
96370
96303
75505
37885
94117
72711
88191
27959
35136
7781
70026
63671
47559
57276
8264
69990
81967
48487
56327
13098
38982
27369
60219
49069
1120
68114
60504
89823
18221
66958
29340
56481
91942
95810
99714
82737
22244
72092
26280
83141
17960
70896
3388
18907
41322
65094
67465
17718
46513
92526
65156
72180
57045
89470
86300
8567
90599
83914
81978
23008
44818
54939
90413
72075
15690
27978
11249
83707
47726
93063
95905
93037
29313
7024
18828
56342
55241
33586
35526
34083
47215
63291
58424
90438
20053
99610
14262
31119
60949
28358
38925
60384
79679
37252
83315
44352
13621
9418
38885
33063
68042
25461
67298
75707
40422
62604
56657
54431
36568
70657
51268
73984
87943
75727
4555
82843
15477
68234
34488
95805
78515
75400
2258
33016
95512
87188
20412
89673
68109
64265
31000
92117
28068
60978
22243
16162
10897
87663
52557
76018
44747
36976
47647
76514
89473
24294
68499
23281
39369
28193
94865
39854
29249
92590
40347
40882
66422
36042
51886
59475
25399
38506
32698
95733
35160
75428
73069
99147
74431
15108
56514
17847
56713
53534
67986
41120
97769
98658
45565
98323
82699
8328
19062
68084
99520
52787
54110
78073
47154
86657
455
29720
31382
99566
91599
28222
12336
33914
13947
26806
17819
51012
3065
15120
78863
43687
19195
80395
34718
1571
17827
71474
98588
55498
66309
57302
17923
33997
14582
4600
94638
25278
43146
42436
6292
5116
85098
35983
99970
68903
64273
91662
55401
79954
87869
43214
52109
74995
39370
6495
35066
94676
19135
39745
25920
83027
21347
82284
34328
56185
14597
24039
4251
32318
85402
7106
86714
67864
95729
89788
28893
18873
58744
34279
41745
20003
74838
2349
32480
12313
99221
6318
65525
53999
32496
6156
95184
89878
40662
41595
39022
83227
79283
94309
73688
90304
71170
37116
22791
94933
92038
7565
28172
26898
67191
92347
79037
28907
74958
5714
34489
82451
37296
87103
4361
55059
61224
23382
37002
39461
73470
63418
8005
19606
92592
11210
3797
50301
17369
10636
83849
35337
51496
28127
48544
74480
83302
53563
41457
67321
15862
45300
48424
49462
47464
80928
18403
98189
40758
27210
14959
86790
88782
99144
43492
6322
11959
76074
13689
68442
72493
29000
20823
58212
61418
62171
77550
25405
86385
13833
94073
65048
80957
88037
23433
62779
37801
99426
82632
17998
10505
63630
41293
30953
18868
79762
73833
47728
78552
33673
22989
13182
2129
44920
5257
41702
75289
41164
63749
37447
35965
99449
64902
8392
12489
37042
60287
29985
33379
96577
60937
97355
13349
82931
89127
44168
97979
53628
3942
65338
56626
28977
58533
43177
7399
48595
11903
76499
34750
74751
31838
25216
85389
60768
23340
23011
21532
58963
57945
63256
80540
59355
83998
8662
79250
30191
87142
24904
12217
53866
53832
96788
42232
72543
12545
59870
74650
57213
18166
42138
99050
39096
79252
30459
6077
5841
13572
96822
22038
32678
83951
44649
28343
80533
94940
73158
86139
78838
91615
31540
22837
54999
75419
90179
48179
59601
71705
1262
6729
45129
15984
19651
49313
48128
36712
54961
66292
85732
54263
79483
47596
15568
61164
68273
57355
28863
63734
4378
98477
6096
98804
16290
54303
80474
60704
49443
44636
53753
28385
53827
35597
49536
41491
64163
50953
35583
18771
49189
17612
74968
59063
89700
74275
69284
91127
40222
41074
62951
87471
87712
66037
40354
35691
75889
29362
88664
48880
13030
98333
13779
13699
96979
28096
95835
3268
79199
70438
70095
17595
23105
85017
7856
61711
69204
11567
26932
10724
53653
46895
67915
13335
14053
56934
35002
16675
6178
78482
29776
24526
93271
42271
33656
98589
19673
79114
5088
16390
77180
81368
99435
69258
45513
63840
6661
22693
61708
93232
17569
74302
78131
64097
69944
59197
94962
35043
96110
6890
1625
91620
39931
43612
84212
30885
80884
72135
99303
85357
96889
69516
87953
51116
42146
74561
28212
65304
75521
56474
21317
43241
96169
98090
83090
14693
19720
10288
31466
76556
79336
40810
81243
8543
63625
15458
12680
84028
12717
85746
90027
32316
91169
18747
90697
92877
2460
22017
9714
91638
91317
78306
28440
297
79212
31053
16984
78221
13072
71548
13748
62018
49009
32638
28721
5753
95670
38839
58406
6491
68111
55231
7709
72907
62955
43129
64648
3467
40553
29432
96658
42541
41861
95969
67076
83253
95558
19437
8554
12516
25140
28344
93068
38345
61179
84918
6499
10230
9430
63069
22707
90969
26339
58216
57847
65264
67350
4979
37674
98917
52577
46771
57643
18744
47206
99112
21756
31647
88487
57496
81717
59540
96595
85762
77502
58954
51535
36298
51411
87650
23765
89389
33766
67965
29058
93036
45922
75797
35361
25456
36423
36488
95279
71534
4056
28903
14953
42795
26988
35059
26889
39287
62284
89055
37560
16542
14212
70370
71274
11614
28152
92567
6653
96390
46951
90424
49050
98466
56110
22530
18233
28643
17332
35267
16722
8306
87059
40952
35591
44366
80461
14679
27746
89650
15859
82491
54979
43035
9256
96005
5542
42717
40443
78294
14111
38940
49311
59042
87113
3845
92310
42298
72607
98241
34268
68743
6366
27808
51940
64986
53524
4073
31145
58708
94293
86946
43133
58423
15436
48291
57374
59034
21736
41626
57158
76360
60477
33977
57179
56512
51121
6453
40478
42685
57822
99475
66521
36761
83347
67127
72530
31233
76568
95099
51230
65626
13008
30966
97767
97618
38152
58802
32435
39329
97119
57791
53681
11387
34304
71410
56652
87486
55917
30517
46055
83919
96093
42453
63643
49446
72919
12246
61181
38784
12573
28063
65450
3898
73853
94361
35896
44897
81326
25192
3187
9107
20506
12229
12205
41110
84651
24660
20293
77631
67354
15114
46282
33569
23658
94948
18246
20058
99373
39746
73699
91747
17613
73579
25566
76679
45820
68300
84792
26219
34964
38063
88934
87309
75047
37274
58430
93808
9045
45863
780
17700
235
9987
60199
27984
76210
1274
81970
33851
42454
93778
18930
35499
26847
69216
32981
32153
34254
82305
72163
24491
35678
64917
53530
29300
72751
5638
87349
86309
74961
16968
3530
73440
99377
14696
24655
66023
1973
18369
32742
96696
69769
147
26294
69659
36076
14229
23714
84773
99926
64431
11077
95824
69441
94418
60871
31451
83224
22274
91038
12890
95393
36060
70049
58765
52920
25298
17183
24923
79191
4495
52078
33994
29628
33681
73217
60151
75446
29030
43517
81103
46387
14695
10391
96145
95677
18380
41853
47884
30464
61304
52245
61839
95010
88163
22343
92911
80358
82354
591
74518
54393
88063
29128
43509
3399
11258
84459
83733
24576
91507
38225
55328
75069
84819
54489
43420
91073
27571
63837
92629
63572
60141
22237
12827
10973
10018
84667
44419
1112
53948
80133
42906
37424
7456
57109
91868
6424
25264
16634
42176
80694
87278
18851
61334
87904
59337
90451
36349
54811
51793
16466
96056
84257
56594
83425
27824
80604
1432
91188
91470
20484
53715
41210
66057
47185
63408
76038
38284
70042
45428
31082
17103
72932
78053
3062
27308
65847
88233
25123
45254
3962
98153
6403
13544
80784
95513
4236
59512
18099
3659
64455
40724
21860
26202
14113
64802
58420
97224
58279
22643
81502
76949
53862
41587
53129
51744
88955
14069
37053
56048
49567
91725
23344
66579
23302
65207
69791
45702
20218
35727
19457
55673
5519
26871
29495
39894
74142
15304
33279
22717
25830
7499
69503
50543
33592
93447
87379
1424
51000
67788
21099
86120
39374
92387
43915
71759
98300
89547
26015
56539
36310
54173
38999
59855
44276
41933
92875
25529
49788
27669
49185
77705
54511
21571
3054
41095
71309
91293
25710
85934
86942
36051
75454
22665
21036
2959
33192
30701
87859
21682
96939
50905
15621
89942
16419
53507
66163
98746
59874
40817
31308
60998
80125
29686
37292
78860
43437
3232
16369
81817
89654
5696
26783
48011
1078
77156
29248
9975
99024
46166
32383
57471
50698
74430
12048
83977
60387
87240
16184
68263
47030
18110
18250
67740
33232
11241
97368
9402
31844
98325
95486
64706
93856
15861
60856
31938
18092
91074
8411
2031
74565
67750
94394
6201
85583
23715
74456
59433
85174
51473
25689
29490
78857
77879
2140
88788
47972
94053
26628
81764
46559
59410
6383
67623
9406
61129
40040
43749
21593
83532
90663
73299
49591
51710
7091
88461
97001
57472
36878
6471
32849
91122
72968
21624
34569
2572
11204
63692
46490
80829
63717
2350
58593
97629
62191
28861
70416
67908
78459
81225
47910
84880
49849
88833
16492
66543
37749
47234
53924
41541
9960
25867
54082
23002
53493
19015
74736
13504
57507
798
4567
3931
90787
23062
81682
65956
10084
5624
16936
4840
12073
75665
74542
14971
99583
56297
11494
30880
42136
92169
490
34758
2055
58761
12881
32183
12977
18052
80344
62675
17846
99533
20132
19467
59305
25302
8440
71518
51771
36232
31444
20409
17214
14558
57081
2220
91384
92396
30219
1747
65400
5123
50691
33251
83128
73423
79850
11781
85802
5376
29830
81790
61182
9395
1453
38515
68566
38627
85526
86431
50589
10606
59552
86732
60960
74732
29922
99765
62897
94403
87749
44943
15594
29458
30026
79780
95949
78853
55815
71275
25201
91885
68155
98429
18733
13696
56824
29485
71936
73265
16046
98668
16063
72310
68740
20934
31437
90651
35921
36755
17134
41334
54039
37508
86378
99974
18244
92188
46931
90199
65784
10821
45854
82171
53170
14753
33137
50507
84794
73900
36717
52144
46404
92920
22055
81547
79521
42864
42675
60853
28733
81968
46416
14856
25833
15419
3259
85435
14534
36497
68846
24258
16620
9996
20137
35306
80115
6621
15507
56825
79906
12034
82507
19843
24014
58520
93492
77703
38259
54003
94462
76740
37007
13397
41568
36975
74326
95005
84280
45181
24428
72662
67576
37057
1645
59395
8224
58470
5924
56956
89376
97430
29870
21735
39473
59524
78416
13420
81514
19099
16541
83930
73724
37132
75443
54233
69882
46783
86710
84705
61372
634
8689
98400
31914
45160
79491
86759
28494
64671
73262
93298
34958
91248
52294
66224
83583
2872
76588
39253
56607
21963
63273
63870
61364
18151
26656
41231
77194
94209
32116
72093
80879
15834
18419
25416
74742
465
47211
85909
26745
23950
96294
19078
58710
41051
11761
93709
49411
13963
69235
22502
61888
17024
74722
21744
67446
75039
48714
72218
70334
77618
15405
517
83690
2297
33797
552
13764
7868
3738
76957
14800
76455
14190
78134
61663
39599
82086
94765
48718
58447
24289
9979
30187
11934
97371
60786
15393
12337
78411
36034
36974
74987
58726
69119
7272
3273
89845
8144
69935
39825
32997
88806
70848
28087
77240
31661
63540
44704
48770
77294
69876
33045
18641
80084
26810
24263
95649
20164
28019
41469
96582
82841
69251
56379
55854
47547
49200
53814
99365
17058
82193
7929
5654
14207
19481
62496
7131
72831
43877
96234
37585
44177
36090
96892
88411
12495
69608
13485
22264
52936
36700
93935
45124
75442
27563
847
1624
28892
92521
58174
51620
85911
54177
8011
68410
95544
85051
89244
25257
7404
19514
49066
36196
47691
65442
29126
25608
92594
86892
41077
73181
98585
97738
22061
24490
44004
8770
18252
71162
91390
78457
21309
12956
9922
84008
59243
64100
88445
4539
39103
77988
45346
36004
35853
31116
84059
56718
74206
35803
59665
56391
60838
49619
74985
10899
34189
29695
97084
857
6967
12377
1816
18664
14064
43823
25471
54744
14237
75111
46872
72078
6568
65755
22070
97827
38971
65120
50107
73387
74378
16280
92734
29754
11749
10346
45871
39026
17401
80617
41376
23639
3592
13294
95518
11608
81159
70428
98642
50310
97521
20933
51851
55779
93861
12500
25916
33163
87895
59262
28898
55285
99887
53052
84311
1124
62751
97461
46596
45306
40613
77153
47141
6904
70435
49482
85570
17149
99987
16823
52066
95365
60053
21166
17176
70052
86388
41171
931
51631
95325
31162
13697
84858
21750
48248
34170
97291
19459
24617
47704
40595
35956
95847
30709
10362
21970
35494
99155
95432
12578
7688
44037
19421
20688
23966
14567
76475
28206
47292
80571
72110
6151
35567
40573
2511
89451
57124
60142
9060
95254
41193
31547
4531
75972
26727
11279
87942
78727
69868
72687
68412
43132
22362
83445
24396
18939
97913
67948
14757
49589
37510
4606
46106
15058
61417
50453
36766
57123
31247
79968
29251
36251
91711
99479
59810
78921
71804
10331
30857
16197
93533
12788
29518
54817
99496
20548
95836
98132
79484
35584
86118
23073
1495
45239
88953
80844
82535
61078
13848
73671
91589
6271
37146
61957
48240
61887
94262
87947
7392
56455
38849
22212
4299
33668
36364
84086
10990
14829
79300
79256
48493
33511
58754
37799
21165
7952
45384
93506
36392
91729
62015
97239
48026
10656
73059
88590
24514
6963
63037
70774
35894
40209
58890
78224
33430
20183
41562
81994
98727
32784
65448
97358
68987
82131
39930
14788
41451
76182
76345
93453
70893
84066
98897
59951
59335
75126
34456
5064
38817
11909
86766
64573
95130
60190
63941
37583
16519
31355
14325
47155
98422
45166
82059
43210
14692
84979
97680
41813
72909
25473
60197
49197
92391
27637
23016
71035
84350
31305
51019
67236
22472
81775
47166
77897
84628
33570
22037
6693
79816
22852
53084
99219
7884
25349
65720
38359
34891
20767
25008
14295
64600
85356
41107
46584
57069
75406
6567
96364
1407
91714
56235
65389
78851
54217
8083
71599
84292
20842
86834
13790
15884
43770
69815
99166
47205
56505
48279
18460
77651
87403
73577
18119
63209
7216
46613
83115
68079
79454
24374
2103
59100
14389
9659
45061
97562
17669
18977
6344
25694
15956
33455
22122
63922
51307
56376
27772
9443
20921
47794
33618
39153
65628
68063
52759
30242
89170
84876
48889
41919
87044
46609
48297
87427
61208
61234
6689
48074
70085
51508
83922
58030
32621
4228
68537
48388
9047
45414
19731
1484
47012
30741
85496
76330
21133
78039
30066
28532
39261
60689
91345
9579
20752
11935
5019
98826
51629
81565
69397
63682
65348
24247
35914
46377
85487
88420
78391
71720
5880
32325
97875
59055
50630
87409
45545
38725
87616
43464
84747
65174
1477
13549
57074
3710
51476
92000
87363
36168
31725
75696
13191
24690
42765
49599
42651
63039
79142
19997
31928
45123
9180
68292
97467
82575
42279
94968
14701
69221
73019
66705
89153
33433
31741
33321
76978
23865
7548
36036
59161
43351
63057
64836
71071
12097
99353
21186
68269
12146
14736
30545
78298
18774
62673
90044
89774
52010
68266
16654
40064
7182
58627
20264
94258
42162
98513
91787
62322
45115
2817
59549
36189
919
85475
79736
27407
73957
89411
58507
70958
83285
48565
92805
41407
31031
87283
58045
21662
28071
19873
3360
63437
79319
36751
24256
7268
75828
12595
87718
9609
41182
73500
39893
15254
17521
36068
30970
94801
28984
23034
26671
35820
8517
12586
79660
6506
34257
64367
1678
78455
68932
58441
68756
27313
36907
405
64587
4841
1951
32722
58038
18062
6501
12460
28051
94078
10495
60633
32111
53428
51502
40757
49822
34389
56274
32968
47642
23200
44681
14383
21530
75688
77171
68043
32941
59285
79301
43086
67065
66951
87515
23267
22666
28154
69957
34832
50548
32450
13990
87672
49903
93843
5492
20504
50655
4512
8498
64198
3639
91726
6000
89442
66269
71541
31987
74523
65289
51266
16525
31283
2228
48123
44970
90822
13412
50747
46027
92514
64633
13181
4396
8688
35662
1792
27765
18038
36816
56347
51060
4091
50420
5719
81797
20951
23676
74290
82105
2184
49759
4515
40031
1823
20792
96325
63593
79579
50241
96314
20400
89219
41523
6862
98002
58476
50129
31337
25049
36185
25823
41960
6971
36037
9831
40555
39767
96143
56447
32646
95012
2534
98876
82623
69398
33682
8414
59967
45869
54258
56600
44976
56366
73791
12642
29678
75025
84199
35800
29080
89322
27682
78291
85569
18805
79622
95796
69379
18614
64021
35431
13778
88431
66312
37091
1048
6155
25279
78723
64630
81949
77849
46078
39539
10866
87241
10801
71680
17106
60628
38917
2360
80868
20673
67108
70759
92794
68050
15264
45172
87452
6040
89237
62158
76307
40472
25372
87031
9484
37497
38042
84107
85538
58519
27109
17760
36476
37988
14805
58564
81533
20328
33829
79340
72255
1415
31807
51292
48683
44161
33387
29311
22678
61869
61431
69851
80910
45491
35079
77643
16180
49998
96137
34551
9442
7321
2794
46707
98472
48454
64432
81948
40168
18295
12249
50130
37389
21001
56528
51938
46411
16579
67225
43189
95759
28291
27303
6002
66078
49625
21190
33031
45577
86837
75364
15148
92362
98510
23653
24769
84947
66069
22699
69390
35852
70293
87738
5498
15257
29292
65954
98173
98015
4024
56285
51377
1569
28860
23802
34232
22487
29566
82981
56576
2580
55878
54911
88217
69743
38966
12142
99620
36547
13906
49491
94522
56192
95735
77375
78178
75307
36129
13450
25409
84127
75902
67558
17019
78762
45732
20709
20335
33152
11539
53101
50819
71054
84250
89289
83362
39189
88069
33384
33885
12033
44710
69067
5462
29026
91767
89067
25408
83639
48072
25468
48477
96238
52275
14751
72226
77670
49562
478
72727
24968
81370
12735
26947
58361
3038
69468
50119
30314
63542
79330
9282
73348
41246
47429
69963
29511
33248
33615
90279
55620
93404
35339
38850
75686
48313
18074
27012
98545
72604
12984
82658
14335
36542
79618
80586
51862
55121
31624
89716
64963
79510
14624
70559
70795
88297
26059
27981
68384
20285
13486
80407
12193
95682
19220
15153
90799
33336
91893
91349
53294
78993
1403
57731
631
32969
73546
90422
78608
87644
43730
87199
77687
93081
6256
83608
60498
55383
92043
71886
46952
52481
53932
25329
99633
7660
90371
65538
46357
64028
86012
46921
86585
27016
39700
4850
65032
55257
22144
28596
66261
73518
59861
18555
98618
29172
66745
88601
81841
75057
99104
23009
33616
74221
72217
89997
98164
69866
1117
78653
72192
70039
24741
46236
57073
63267
69706
4842
62011
68167
11381
35328
56531
3488
18754
24251
14594
5481
77027
24943
10962
38192
91515
44025
30956
89448
17948
83294
50312
73459
17538
40244
8921
87636
95261
87390
35005
2495
56187
39844
22524
10435
44429
20848
32208
76143
8844
67587
38425
949
93348
31048
24571
93466
41105
65827
72844
90000
29888
31338
84087
83150
57594
74023
99627
45192
37820
71461
55155
97662
67244
65221
30328
57464
41472
80345
11038
29146
12285
3196
79033
32505
4541
94644
56254
40998
11092
51670
71147
28467
49839
66870
19587
74385
89332
35604
96382
14445
51868
26732
45461
90696
48444
15330
53254
66338
83665
55588
22596
45340
98395
54952
34123
43490
10096
70181
21163
54602
13552
97991
12158
20041
80649
72171
41388
39611
77629
97494
11767
55008
12685
42829
18505
72807
93898
52771
64126
97548
19538
79357
67751
70076
19557
77963
63046
6283
28348
5413
5929
57433
90309
15993
18542
51849
65760
17436
72231
4055
96981
79065
86650
97200
41503
51501
24520
14783
8161
67823
17789
84246
48114
74000
91410
70520
62979
46094
81929
87852
15983
52135
91183
46313
6935
57398
45154
81497
655
56261
44464
26485
112
7988
73168
32005
56817
35524
55173
98478
76775
59888
96920
41893
70204
27844
18204
71325
38808
48045
84987
95676
46803
8811
2614
86008
41402
9409
7699
23128
74928
50798
80393
32865
2153
93126
28124
58016
81399
53690
23035
57191
88966
4233
19253
75870
30367
12163
42058
40288
82238
64923
40816
62116
26635
71365
93967
42821
30734
95437
97857
12281
42880
99639
98152
45997
34218
15334
19498
15138
30176
49343
53049
39651
65972
3680
56056
19222
17625
86858
62426
61244
57666
83539
55487
11717
63660
42047
44682
31886
21559
90144
94616
44925
14791
76393
61454
74461
79638
27234
70894
29992
74856
1726
47805
26501
47208
14552
27336
21648
10580
88607
26106
7365
49605
73792
53983
43048
82023
37671
33915
61156
92019
24692
41631
85896
63479
4464
8687
80460
43809
92627
9786
2027
21168
16074
565
68726
10260
60662
5813
62099
45789
68350
7787
55788
77312
17890
91106
55340
88147
23740
94366
34182
12061
86293
26897
1911
6998
51905
32446
52959
93257
49532
13554
62341
45245
71648
55974
54437
49653
77263
17240
74362
95547
55299
2273
35600
541
56621
5637
96272
71342
27858
9821
79802
37558
11356
63666
12027
53773
81179
88926
32372
41400
16562
50505
11438
67188
98667
90218
64245
97013
38118
85566
64395
31118
46523
1704
92206
52788
61961
71063
54496
38179
51433
56963
61028
99312
25514
33555
22893
17735
57237
7530
61416
55041
34923
67837
12001
69467
55882
75884
22154
27309
13814
5416
92323
50777
4441
32499
86908
26066
99609
90523
66526
59749
68901
48934
21664
7520
74486
72933
48646
44979
57663
4289
23600
97149
81435
14496
87987
77956
59869
81190
80780
11452
10051
59450
82203
79375
30148
31529
68612
24808
21761
45393
63707
75035
25945
10344
31965
94650
12606
96524
46915
56716
87116
3748
5665
79717
54261
97746
95371
11288
40355
34793
63943
46504
8120
60686
71918
15087
39803
4971
90162
51967
82047
66693
96608
55335
23779
78309
97455
64702
32045
16182
49153
85600
70617
90501
44717
401
20443
72955
4216
75975
95548
50939
59454
38548
8401
8042
30018
60832
96865
1588
57997
51594
73055
82647
9369
17740
88174
80719
20134
93993
67208
74423
67055
57445
56772
4750
27075
8839
20887
52210
36153
33901
11579
47478
51273
75342
52890
87018
15067
66178
60758
76638
11989
87727
75778
32528
51119
92032
34311
59130
75875
65606
92491
78079
55721
92698
41854
64055
47705
49304
86550
27500
90385
96516
58552
6698
38530
53736
20358
68952
42762
17495
78986
24725
67814
18410
95685
97772
86889
48935
33000
17567
35625
78722
37981
19109
3825
83663
55938
85116
63421
51983
59036
13945
40227
1283
8509
74840
41670
92279
72116
83414
28414
48853
72296
9950
31240
52102
64441
19489
48109
59223
196
13218
11418
31515
9624
5446
64617
75002
60980
93806
47721
46116
11849
61465
94882
74597
65014
54327
30438
36707
5846
36458
21229
75765
49305
46488
87468
65841
92196
50639
60985
70396
58398
52851
44407
85067
8426
53348
79038
38819
56150
29943
50762
91841
17206
74579
54436
8595
89598
43167
9288
25432
37162
61519
65497
82566
31242
99983
68926
37869
80769
54009
84148
24377
83292
41847
30407
26642
13067
64182
91702
34749
2591
56575
43901
37702
97766
73386
43080
45690
28430
24883
25739
16874
27847
50782
33814
95434
44581
24504
60004
32511
43959
19874
92720
67971
71362
28787
21539
85071
63768
95515
39635
13734
30639
84200
25925
16624
64760
38274
78807
78588
61552
2564
55062
9953
95256
65548
93834
26999
73967
30837
5259
60593
31631
54947
75164
24653
54537
41739
63488
51506
26227
63147
15418
29851
61849
77330
30241
265
5107
84665
25587
72026
3372
58001
58480
82098
48967
51133
95260
22440
84968
42245
95605
80255
62026
26188
51212
49895
63077
49051
87576
90379
24032
45996
22189
3127
38719
71200
48101
3068
3293
83349
41891
42547
30207
30732
77424
3430
31058
63637
82619
51603
32660
99954
48546
29259
91321
42388
54008
44468
64687
54326
92964
16689
57768
46918
21011
99526
7064
90947
76763
11658
55338
35714
42292
61503
31199
15818
81109
96977
54712
43454
60241
85467
70645
12733
515
16069
28337
1986
37802
38556
4942
43737
29864
94210
39241
52893
75991
37829
74715
48479
88865
39560
69857
55590
8115
67732
80755
36018
18858
95040
58182
54819
88970
33552
26541
80066
44009
83063
75615
28277
10756
79667
17385
99978
46102
13536
40710
25866
12996
77184
28683
81601
60172
86230
56879
50915
54988
14841
88130
46780
77699
78300
16035
36377
95790
3850
14225
15894
86680
22823
82548
45425
61189
49332
25080
3113
99667
5760
79183
80080
13673
32823
35058
84887
23192
37858
23154
78480
98567
94761
29376
86044
23179
62051
38818
14311
56395
36470
9994
80663
9965
14160
40557
88442
73447
42607
51134
820
11832
17886
85020
15922
17405
85419
78885
71883
52600
92605
70478
74356
37745
71456
53047
90577
22461
33363
94298
93331
86142
77212
52795
99777
68988
26235
57723
30824
78919
46198
84917
4818
75629
61150
91378
18840
23438
16360
4457
89738
37313
14089
73573
25095
74635
9429
93369
78617
85913
54053
16471
31114
21901
34486
61029
88295
15472
13753
11182
55795
77071
652
59530
73194
38994
14514
29342
58085
23773
39978
64959
33597
73333
528
92028
74377
12822
93042
25917
75373
49744
15147
30020
46729
15475
79741
37727
11686
45828
5789
66367
18961
76165
40754
36867
97309
43216
61073
91262
50717
8737
76195
27630
63080
11492
83434
94763
36300
26170
25674
27183
44392
38989
98296
50832
43280
3939
97154
36603
75764
52367
11415
75004
83980
49917
44503
29852
15379
76626
17137
22306
8053
3416
95887
61697
78861
61292
20592
63929
39509
50381
32795
91144
95360
26189
88961
92096
32272
99606
22128
24094
26560
28649
49097
87617
25579
49180
69096
90862
12674
75280
87364
59184
51163
94648
70374
81395
41150
99701
83564
67685
92143
44861
21452
12572
40271
1601
14905
73392
22145
21724
48322
83598
72044
7475
47231
87756
49125
93287
71722
81471
10187
76136
34863
32803
73400
72822
8185
70877
60512
70996
51619
75669
96152
93357
828
3203
9640
26449
94284
49395
82100
66091
39805
28540
9348
66025
76550
87011
94375
7418
14416
2352
95750
39372
57563
34993
85264
68152
45927
58668
55236
56739
58572
82483
25084
44855
26893
29841
50372
56208
20321
39869
42263
57583
22109
22411
20447
27798
72162
44281
63457
32793
79626
54807
56465
29822
23784
96101
90228
16881
33799
99795
97526
26751
79531
37953
22018
56517
20552
23839
70629
20214
62212
23252
85657
83139
98627
79240
55374
84690
22027
11836
61515
63968
76211
95608
69805
9199
79380
8121
29781
43434
68617
96643
19300
75800
82949
39819
34833
54486
36044
23974
61669
19936
4104
22453
90174
92499
63564
51654
23652
65363
36801
65620
3411
22595
65702
55720
86245
32390
29384
93906
77195
18717
16263
27806
63134
24577
58848
82568
57384
78830
39837
29919
9244
19517
92608
94824
43825
62557
95309
11326
90175
61695
98783
15662
89356
51044
8900
86494
51298
41518
25481
45372
67309
89284
6012
53852
25163
30091
40436
29351
97357
89035
92065
39097
53745
73389
58268
91526
34920
74676
8758
41668
46363
66771
21419
30751
15820
9474
5596
37628
76882
99240
67032
52332
48579
11199
96502
32905
91267
51385
90282
14949
92395
97840
99532
53985
7585
81092
74551
23131
27893
23419
99589
57078
45313
59657
52599
6533
81723
59213
68642
61126
41918
82198
86779
14769
68446
88065
20374
43311
61780
71909
47333
75063
920
83843
87743
94362
96018
69883
8291
67173
14782
88777
91853
77844
24513
35545
68701
50029
17130
59477
62525
85592
5571
4176
82659
67049
20640
22543
25896
56350
43727
51263
58758
67068
71793
39625
69257
61805
5198
75570
27546
29700
63233
86542
85829
6204
73670
38432
63309
93830
48669
68125
92006
43645
39136
82538
58847
62208
67095
47354
18965
35702
12795
91549
78238
26100
72109
25029
73651
44716
2865
26829
18363
10769
23980
58948
32935
63855
8901
86497
56355
16309
3631
88701
56022
99782
30905
99672
65690
42858
44833
90127
46996
1727
63906
37256
97017
52782
61016
40993
52316
68551
18208
33412
59987
64171
99537
37850
54751
77310
67768
80610
66174
54445
83736
78051
70534
77378
15340
47345
20332
48858
35168
70870
87463
63342
20777
93281
39475
39890
55683
76977
4987
63100
76811
36407
95319
94930
6330
39328
40965
99604
77551
20911
13372
95559
43248
48587
74606
15389
53424
73681
43385
45642
72612
91449
27722
17029
68971
32472
708
72650
41681
71707
13892
62287
33987
42763
31954
92827
67167
80555
49850
68649
31455
17008
65964
76943
34316
66907
88896
73136
6183
84798
76082
30555
81095
74846
37382
39179
67106
28607
15654
94270
75122
61072
20150
19790
69073
91474
17651
48958
27287
11746
1317
32039
57545
2471
42779
96808
45276
72003
36399
1372
1681
66461
6891
57363
9893
54736
58858
40444
59385
26046
34917
11548
84157
41350
7506
48032
79280
19891
40890
53500
43835
57243
52750
93303
47511
16089
11118
25096
42255
45144
80698
27990
31877
84401
90884
35963
8871
74537
22403
18174
18801
4190
96030
31697
6447
50810
97542
58273
10637
64443
49786
24260
37449
98117
80298
56393
46600
92389
96715
50842
28883
44611
2001
12112
73686
35952
88729
92907
69844
27671
79276
14678
78327
79103
84175
95136
20255
98053
96057
9158
6584
74296
35884
16435
10345
63177
33475
11787
83193
85639
58916
64882
73866
74438
36855
75128
36923
4253
8742
50781
30192
67930
61058
40768
96616
91347
66158
11035
82367
20209
24700
19983
89567
26990
2762
2938
96496
37436
58249
89990
5827
11552
53267
70817
53174
20550
2800
88858
6994
77925
47854
14290
72481
53916
20015
59902
84207
15124
32805
24870
97315
62606
59551
37817
57240
21456
42731
63555
80639
32920
94813
68697
87907
35207
57181
77859
82938
57644
13796
10877
58286
70309
9637
58712
79369
39577
36746
38756
83660
97883
80141
11531
36306
51432
57448
32107
33066
7161
55276
43163
59445
74922
4709
17619
11913
81964
61173
57309
74441
84589
31864
42086
2016
95452
32324
63942
19836
87180
55486
43637
98564
72981
29748
60328
94864
92247
24388
93065
21438
50957
71820
91288
604
7057
35075
70618
96936
59392
16407
19848
4654
60076
68443
43990
22676
95487
77560
99577
42259
58082
90673
89234
2277
50790
70866
3689
72996
50566
75095
48143
84185
44042
22378
35619
49628
98266
64261
61136
4335
550
99678
75008
19022
11742
65317
69560
66361
99904
62533
21959
15135
484
55115
63893
2930
75871
70176
34153
91117
29336
23417
55128
24378
2561
61398
65072
31482
19497
19229
48924
16596
30169
9617
70969
66827
5548
82260
22874
80601
83928
70433
52274
14786
61172
645
92377
991
31586
85508
7926
77969
91682
48500
35310
11230
66719
46252
16193
77451
77617
74629
75099
84804
40284
23545
32579
85667
83447
38441
48638
79603
41614
47585
72732
37803
56306
74387
4720
7493
32071
66214
95724
51941
92263
53405
59600
23202
811
41132
30288
90153
4576
50692
18564
74568
77459
77932
97304
81411
8038
28320
52963
10674
27377
95721
73652
46111
75860
24137
66949
78782
35594
21631
59155
720
24401
27366
3726
49378
74478
77981
4833
96221
49732
39797
63767
4777
97293
42397
62153
76384
99730
47876
92679
20331
39311
44591
80593
50379
31270
30028
89496
79720
22991
14758
11309
23177
83720
6841
58979
48953
36426
41328
40972
35560
6048
32206
10934
5778
14946
53137
68685
95395
12522
66656
92415
85767
34169
11765
57102
3419
75579
5378
37982
16909
22185
18888
1165
77425
26572
14022
13623
10145
28906
88869
63029
54152
46268
61912
924
39653
78441
71714
50748
8108
82487
30154
73608
2664
51587
73239
70803
21269
3653
62731
13941
3321
68933
15929
78159
99033
29349
56491
81879
5234
39790
4109
25269
75709
64463
49615
31321
10163
32756
40931
10494
75242
61799
6474
55547
37369
30498
68982
22614
89002
13340
45099
86002
32929
86367
59773
79799
66189
91930
15412
71011
97463
60192
57216
29436
60609
16680
69697
28013
91374
99271
65910
74460
25962
66923
2450
85111
52628
81744
82910
23235
29498
43495
31213
15489
93860
9385
20018
25270
13913
69539
43102
72570
41270
76511
50360
59377
12289
21659
33787
59908
97989
11578
13334
50078
97905
84991
54266
36162
48812
76631
89250
40514
48365
31111
43866
28364
99269
93665
92993
21760
8585
18926
49739
4950
42346
8087
27340
96210
52117
56172
63725
23215
19278
58500
32341
46704
87845
49518
87255
2596
67961
15394
89063
89658
73089
93609
49862
15930
94610
56737
68247
96107
61585
59824
14052
87265
47277
44790
53270
85702
14731
18699
55097
70620
52737
47221
92960
87884
41119
97037
33200
3894
38664
10219
6753
48696
40445
3331
9098
47019
5044
17745
42045
72027
49950
9059
69663
58528
97464
33325
6957
29940
97047
24805
56530
61167
64285
11434
917
86436
86458
68518
46154
89511
66343
77813
90094
3830
47995
32151
91737
78202
18437
46343
10334
94068
38126
58655
26821
66523
47372
61458
9861
54384
85598
6041
97858
19550
23866
58921
39282
46496
38874
41700
14123
13850
31418
21848
86782
6724
75535
36035
9788
30677
21790
15298
93722
27123
43559
35523
37403
41624
92626
78534
49696
47336
67134
37705
78436
96153
43482
23398
58421
42542
57652
37488
5026
13092
62407
92651
19967
22066
60977
3332
67377
68880
87568
40813
42498
50597
36103
63507
28123
49976
17113
22228
79630
39605
28401
41147
2433
41385
27702
1779
19902
32836
33076
88502
49325
45072
558
51386
94796
81194
93177
35805
45967
2188
77038
58106
77573
23360
88122
56012
51008
88493
13089
34683
72011
94840
48849
69026
30013
99504
13562
53935
75094
50135
88177
67716
70331
90635
47322
71114
29911
75890
30158
37478
16097
68587
84097
78743
99850
85167
17783
62841
76984
9452
75667
2942
3340
25582
38341
56644
61745
88324
94710
94924
3753
78273
17764
34323
11727
81455
78510
22988
13547
54698
57546
26072
87820
37169
46753
80831
1693
6704
81114
57016
73115
4502
76306
77790
25680
60352
45116
29252
19152
7825
22168
12706
79281
68196
26221
83780
89032
75147
12267
81359
92564
54488
19887
99732
88060
21392
84444
69679
56290
1079
73729
42323
52764
31641
49758
59612
77803
20130
65738
93605
32661
34198
57913
16778
938
9353
30784
77434
97964
29756
18472
6263
28641
58833
19849
21518
55536
38499
9260
87457
19436
95783
44707
7395
45781
87277
75565
4829
96533
83792
37523
60414
41963
84891
17104
48280
49387
85431
53777
48433
27252
55019
31276
72952
50465
58517
98566
32787
24953
76425
2444
51655
54949
50344
62958
14276
2066
60283
94886
27262
95214
60042
20525
33718
28836
20038
82381
9427
20359
77517
37557
23211
23373
46096
54505
90686
17596
84992
85217
61812
17765
73567
68529
74889
73934
28334
79398
14888
87417
77953
379
6823
49639
4973
45966
37325
50805
72519
64392
86950
49726
5553
30021
24044
65946
50108
69842
43026
10920
92405
72945
35261
25017
11901
15371
76768
54530
87922
37061
46422
87243
71814
54302
80837
16643
38290
44656
26800
50865
67033
55569
92822
21683
51099
31780
5835
27834
78526
13674
16173
43463
45540
78642
93957
70686
27216
47902
48463
24296
49494
69714
5732
37635
56662
39322
83366
72014
55976
39988
57753
45660
294
78363
82504
6843
19968
95475
13029
51388
57820
77370
90137
54544
52364
96702
13653
7839
32443
75235
22885
9318
43521
94234
76682
64135
13168
87574
4735
3375
98670
68100
21263
96962
58083
66550
45624
36163
55913
17020
43134
43005
66482
60129
62560
26525
47983
27273
90126
40937
26391
32844
80850
59759
59808
57779
81532
92341
85077
32379
14350
85765
21129
22214
12613
86581
43227
63607
4574
82097
11557
53767
35726
78269
88451
63327
58445
85259
51404
49218
823
15976
86004
38542
3616
13959
71480
87683
91205
56182
13005
79668
84695
99814
35898
42161
96144
13009
97920
52518
95482
51926
93788
92386
271
33408
74814
47613
52061
88742
67511
7723
83372
32243
42924
21884
61184
40029
87758
49005
64440
43910
94302
16497
49778
77843
55827
94145
48339
51817
10933
31172
51050
25788
91945
92087
58472
15683
71717
41731
56826
89181
12415
76583
56988
85887
95469
52265
10806
78913
66324
32827
84896
51854
94454
71747
41109
8821
30782
11702
69093
35473
5477
24997
31610
89209
55382
39249
85114
2622
71247
95087
51569
46178
77579
60074
21902
2145
48099
96341
22114
44572
91160
77531
1720
8463
20740
95599
17288
79536
30356
51613
28819
16154
47748
47144
44016
16109
32904
46625
10503
24150
69879
59889
78071
50195
13737
22605
20019
2848
86978
11462
85798
14438
27087
70680
42173
47090
38214
55627
64468
88139
84083
20234
19765
86491
97802
82590
65555
14398
67284
26251
51194
51088
55315
31151
7245
58642
73512
20152
22099
45656
16645
73263
23288
52455
14607
23326
3868
21375
26040
91950
74294
23650
58107
37526
21422
76200
22777
84823
83701
31198
91402
49485
17733
69242
52713
7265
22040
36781
3987
94360
71453
58209
33607
29795
62466
39543
51474
28225
26844
22557
95889
64197
50197
99737
22102
56341
97470
52830
63372
36895
24946
75234
63180
34354
28239
35813
90617
12709
38760
83118
96672
77259
19049
33376
16271
31998
94505
37111
2886
89739
50591
86361
90062
50443
63739
31168
21473
961
20895
10978
29099
41238
51463
64805
53800
14116
73601
76354
30570
74598
87639
97685
52118
38975
30424
37991
47590
67197
13563
77055
79029
24821
20532
26978
40463
92460
96922
22176
10205
80695
73734
54689
8080
25391
91854
56623
70421
1535
45325
7291
83129
31710
64404
22250
23125
42839
5011
81667
31910
2755
85996
18385
83003
71252
6647
65549
86684
98788
63476
40973
92358
44227
35039
38527
57630
93613
69233
83538
60268
16248
33327
28487
97715
60294
